{
  "labels": [
    "CC: Amplifying Climate Fears: Amplifying existing fears of global warming",
    "CC: Amplifying Climate Fears: Doomsday scenarios for humans",
    "CC: Amplifying Climate Fears: Earth will be uninhabitable soon",
    "CC: Amplifying Climate Fears: Whatever we do it is already too late",
    "CC: Climate change is beneficial: CO2 is beneficial",
    "CC: Climate change is beneficial: Temperature increase is beneficial",
    "CC: Controversy about green technologies: Nuclear energy is not climate friendly",
    "CC: Controversy about green technologies: Renewable energy is costly",
    "CC: Controversy about green technologies: Renewable energy is dangerous",
    "CC: Controversy about green technologies: Renewable energy is unreliable",
    "CC: Criticism of climate movement: Ad hominem attacks on key activists",
    "CC: Criticism of climate movement: Climate movement is alarmist",
    "CC: Criticism of climate movement: Climate movement is corrupt",
    "CC: Criticism of climate policies: Climate policies are ineffective",
    "CC: Criticism of climate policies: Climate policies are only for profit",
    "CC: Criticism of climate policies: Climate policies have negative impact on the economy",
    "CC: Criticism of institutions and authorities: Criticism of international entities",
    "CC: Criticism of institutions and authorities: Criticism of national governments",
    "CC: Criticism of institutions and authorities: Criticism of political organizations and figures",
    "CC: Criticism of institutions and authorities: Criticism of the EU",
    "CC: Downplaying climate change: CO2 concentrations are too small to have an impact",
    "CC: Downplaying climate change: Climate cycles are natural",
    "CC: Downplaying climate change: Human activities do not impact climate change",
    "CC: Downplaying climate change: Humans and nature will adapt to the changes",
    "CC: Downplaying climate change: Ice is not melting",
    "CC: Downplaying climate change: Sea levels are not rising",
    "CC: Downplaying climate change: Temperature increase does not have significant impact",
    "CC: Downplaying climate change: Weather suggests the trend is global cooling",
    "CC: Green policies are geopolitical instruments: Climate-related international relations are abusive/exploitative",
    "CC: Green policies are geopolitical instruments: Green activities are a form of neo-colonialism",
    "CC: Hidden plots by secret schemes of powerful groups: Blaming global elites",
    "CC: Hidden plots by secret schemes of powerful groups: Climate agenda has hidden motives",
    "CC: Questioning the measurements and science: Data shows no temperature increase",
    "CC: Questioning the measurements and science: Greenhouse effect/carbon dioxide do not drive climate change",
    "CC: Questioning the measurements and science: Methodologies/metrics used are unreliable/faulty",
    "CC: Questioning the measurements and science: Scientific community is unreliable",
    "URW: Amplifying war-related fears: By continuing the war we risk WWIII",
    "URW: Amplifying war-related fears: NATO should/will directly intervene",
    "URW: Amplifying war-related fears: Russia will also attack other countries",
    "URW: Amplifying war-related fears: There is a real possibility that nuclear weapons will be employed",
    "URW: Blaming the war on others rather than the invader: The West are the aggressors",
    "URW: Blaming the war on others rather than the invader: Ukraine is the aggressor",
    "URW: Discrediting Ukraine: Discrediting Ukrainian government and officials and policies",
    "URW: Discrediting Ukraine: Discrediting Ukrainian military",
    "URW: Discrediting Ukraine: Discrediting Ukrainian nation and society",
    "URW: Discrediting Ukraine: Rewriting Ukraine\u2019s history",
    "URW: Discrediting Ukraine: Situation in Ukraine is hopeless",
    "URW: Discrediting Ukraine: Ukraine is a hub for criminal activities",
    "URW: Discrediting Ukraine: Ukraine is a puppet of the West",
    "URW: Discrediting Ukraine: Ukraine is associated with nazism",
    "URW: Discrediting the West, Diplomacy: Diplomacy does/will not work",
    "URW: Discrediting the West, Diplomacy: The EU is divided",
    "URW: Discrediting the West, Diplomacy: The West does not care about Ukraine, only about its interests",
    "URW: Discrediting the West, Diplomacy: The West is overreacting",
    "URW: Discrediting the West, Diplomacy: The West is weak",
    "URW: Discrediting the West, Diplomacy: West is tired of Ukraine",
    "URW: Distrust towards Media: Ukrainian media cannot be trusted",
    "URW: Distrust towards Media: Western media is an instrument of propaganda",
    "URW: Negative Consequences for the West: Sanctions imposed by Western countries will backfire",
    "URW: Negative Consequences for the West: The conflict will increase the Ukrainian refugee flows to Europe",
    "URW: Overpraising the West: NATO will destroy Russia",
    "URW: Overpraising the West: The West belongs in the right side of history",
    "URW: Overpraising the West: The West has the strongest international support",
    "URW: Praise of Russia: Praise of Russian President Vladimir Putin",
    "URW: Praise of Russia: Praise of Russian military might",
    "URW: Praise of Russia: Russia has international support from a number of countries and people",
    "URW: Praise of Russia: Russia is a guarantor of peace and prosperity",
    "URW: Praise of Russia: Russian invasion has strong national support",
    "URW: Russia is the Victim: Russia actions in Ukraine are only self-defence",
    "URW: Russia is the Victim: The West is russophobic",
    "URW: Russia is the Victim: UA is anti-RU extremists",
    "URW: Speculating war outcomes: Russian army is collapsing",
    "URW: Speculating war outcomes: Russian army will lose all the occupied territories",
    "URW: Speculating war outcomes: Ukrainian army is collapsing"
  ],
  "similarity_matrix": [
    [
      1.0,
      0.8355860114097595,
      0.6849621534347534,
      0.838707447052002,
      0.6176466941833496,
      0.6137019395828247,
      0.5757254362106323,
      0.49082034826278687,
      0.6035705804824829,
      0.49490678310394287,
      0.663301944732666,
      0.6580233573913574,
      0.6021308302879333,
      0.6229345798492432,
      0.6196144819259644,
      0.5834247469902039,
      0.524290919303894,
      0.5235062837600708,
      0.533261775970459,
      0.5013289451599121,
      0.6522145867347717,
      0.6408182382583618,
      0.6223364472389221,
      0.6861081123352051,
      0.5915892124176025,
      0.6217632293701172,
      0.6257084608078003,
      0.6738142967224121,
      0.6014106273651123,
      0.40253007411956787,
      0.5610747337341309,
      0.6532062292098999,
      0.5099008083343506,
      0.6333405375480652,
      0.5627149343490601,
      0.46177536249160767,
      0.4693695306777954,
      0.3754851818084717,
      0.4058285653591156,
      0.520366370677948,
      0.2327476441860199,
      0.15462559461593628,
      0.14514471590518951,
      0.13953623175621033,
      0.09705498814582825,
      0.11108915507793427,
      0.14866000413894653,
      0.03731789439916611,
      0.12142699956893921,
      0.10374904423952103,
      0.2751196026802063,
      0.11944767832756042,
      0.1812244951725006,
      0.2828889489173889,
      0.20601290464401245,
      0.14355885982513428,
      0.15134000778198242,
      0.21952366828918457,
      0.2813571095466614,
      0.18509799242019653,
      0.23009051382541656,
      0.1355036497116089,
      0.18722857534885406,
      0.05171510577201843,
      0.04632437601685524,
      0.030829615890979767,
      0.11115767061710358,
      0.09339487552642822,
      0.11935840547084808,
      0.26252245903015137,
      0.11536744236946106,
      0.11857476830482483,
      0.18057787418365479,
      0.09422381222248077
    ],
    [
      0.8355860114097595,
      1.0,
      0.6983747482299805,
      0.8012775778770447,
      0.6074950098991394,
      0.6032055616378784,
      0.5828877687454224,
      0.4357568621635437,
      0.5722403526306152,
      0.46238917112350464,
      0.6150362491607666,
      0.6766671538352966,
      0.5591349601745605,
      0.6903541088104248,
      0.6267616152763367,
      0.6481189727783203,
      0.5175380706787109,
      0.561976969242096,
      0.5471706390380859,
      0.4874122738838196,
      0.6420427560806274,
      0.6700388789176941,
      0.7018139362335205,
      0.7469148635864258,
      0.5986089110374451,
      0.6240135431289673,
      0.6134325861930847,
      0.6398493647575378,
      0.5904792547225952,
      0.3923599421977997,
      0.6045633554458618,
      0.6710655093193054,
      0.5026969909667969,
      0.6236486434936523,
      0.5856297016143799,
      0.45416438579559326,
      0.4412635862827301,
      0.3595671057701111,
      0.39581429958343506,
      0.5064989328384399,
      0.2476210594177246,
      0.14241038262844086,
      0.10393443703651428,
      0.11663339287042618,
      0.10679180920124054,
      0.10825151950120926,
      0.19417637586593628,
      0.02905810810625553,
      0.10885113477706909,
      0.07606886327266693,
      0.28095507621765137,
      0.12740516662597656,
      0.16827338933944702,
      0.25489866733551025,
      0.2076522707939148,
      0.1301424354314804,
      0.10742498189210892,
      0.13927218317985535,
      0.3262476921081543,
      0.2809109091758728,
      0.2636425793170929,
      0.1662086397409439,
      0.16722553968429565,
      0.006658450700342655,
      0.023569101467728615,
      0.0,
      0.05851958692073822,
      0.050507765263319016,
      0.1384235918521881,
      0.255468487739563,
      0.1155453771352768,
      0.19497965276241302,
      0.2670486271381378,
      0.1889035403728485
    ],
    [
      0.6849621534347534,
      0.6983747482299805,
      1.0,
      0.6691920757293701,
      0.5000746250152588,
      0.49122416973114014,
      0.5469281673431396,
      0.4171198606491089,
      0.5286465287208557,
      0.47521132230758667,
      0.43507641553878784,
      0.5163998603820801,
      0.44063299894332886,
      0.5650613903999329,
      0.4868244528770447,
      0.49977967143058777,
      0.40538614988327026,
      0.4157620966434479,
      0.3796233832836151,
      0.39279496669769287,
      0.5696580410003662,
      0.5955144166946411,
      0.5829325914382935,
      0.6168197989463806,
      0.557178258895874,
      0.569710910320282,
      0.5489689111709595,
      0.53171706199646,
      0.49064692854881287,
      0.3042352795600891,
      0.410384863615036,
      0.4528806805610657,
      0.4355618357658386,
      0.5173296928405762,
      0.4801328480243683,
      0.42792218923568726,
      0.34590399265289307,
      0.30414891242980957,
      0.38112348318099976,
      0.4107683598995209,
      0.2273811250925064,
      0.198569655418396,
      0.16530010104179382,
      0.15722349286079407,
      0.10865595936775208,
      0.15231084823608398,
      0.23555245995521545,
      0.07500897347927094,
      0.14185771346092224,
      0.08905020356178284,
      0.29571738839149475,
      0.20956110954284668,
      0.19187892973423004,
      0.24236643314361572,
      0.22904008626937866,
      0.2052757740020752,
      0.14750218391418457,
      0.07522191852331161,
      0.3010794520378113,
      0.27595874667167664,
      0.27119505405426025,
      0.12329958379268646,
      0.1502000391483307,
      0.019801665097475052,
      0.029467526823282242,
      0.024874765425920486,
      0.12951698899269104,
      0.04542354494333267,
      0.15338639914989471,
      0.19897443056106567,
      0.11522333323955536,
      0.18652495741844177,
      0.2785652279853821,
      0.20962569117546082
    ],
    [
      0.838707447052002,
      0.8012775778770447,
      0.6691920757293701,
      1.0,
      0.5917460918426514,
      0.5681600570678711,
      0.6009997725486755,
      0.522180438041687,
      0.5889432430267334,
      0.54874587059021,
      0.6660359501838684,
      0.6428982019424438,
      0.6194038391113281,
      0.6966766715049744,
      0.6395527124404907,
      0.6117730140686035,
      0.5854316353797913,
      0.5783153772354126,
      0.5934373140335083,
      0.5605869293212891,
      0.6792164444923401,
      0.6540820598602295,
      0.6495964527130127,
      0.7040508985519409,
      0.6326735019683838,
      0.6539660692214966,
      0.6166309118270874,
      0.6261138916015625,
      0.6039566993713379,
      0.44743630290031433,
      0.605799674987793,
      0.6640231609344482,
      0.5015769004821777,
      0.6201821565628052,
      0.622995138168335,
      0.4959295988082886,
      0.4057501256465912,
      0.41863101720809937,
      0.37198758125305176,
      0.4520791172981262,
      0.22873537242412567,
      0.12408240884542465,
      0.10923479497432709,
      0.10996970534324646,
      0.08169722557067871,
      0.11178586632013321,
      0.17547720670700073,
      0.01668495312333107,
      0.06849385052919388,
      0.024473626166582108,
      0.31169265508651733,
      0.12674279510974884,
      0.1688321828842163,
      0.28694701194763184,
      0.19459357857704163,
      0.15365280210971832,
      0.14250878989696503,
      0.17073078453540802,
      0.3099825382232666,
      0.21468865871429443,
      0.29106405377388,
      0.15462535619735718,
      0.16488835215568542,
      0.002876515733078122,
      0.03772740066051483,
      0.0,
      0.06295079737901688,
      0.02824864536523819,
      0.13956570625305176,
      0.2220989167690277,
      0.08236576616764069,
      0.08889994770288467,
      0.1624961942434311,
      0.08310571312904358
    ],
    [
      0.6176466941833496,
      0.6074950098991394,
      0.5000746250152588,
      0.5917460918426514,
      1.0,
      0.878268837928772,
      0.6337007880210876,
      0.5592736005783081,
      0.5588094592094421,
      0.538688063621521,
      0.5772832632064819,
      0.5735764503479004,
      0.5651614665985107,
      0.6574113368988037,
      0.6858941316604614,
      0.6635962128639221,
      0.5261926054954529,
      0.5417468547821045,
      0.5378516912460327,
      0.527855396270752,
      0.7868147492408752,
      0.6782745718955994,
      0.708512544631958,
      0.729482114315033,
      0.5744644403457642,
      0.6026368141174316,
      0.667809247970581,
      0.6443468928337097,
      0.6238803863525391,
      0.514380156993866,
      0.4536910355091095,
      0.5617386698722839,
      0.5186392664909363,
      0.7232180237770081,
      0.53914874792099,
      0.4082464575767517,
      0.12522614002227783,
      0.18626779317855835,
      0.12383297830820084,
      0.2037389576435089,
      0.15204660594463348,
      0.044176533818244934,
      0.0,
      0.0,
      0.0,
      0.0,
      0.0,
      0.0,
      0.0,
      0.0,
      0.1381925493478775,
      0.03657649829983711,
      0.08163239061832428,
      0.051375873386859894,
      0.10669878870248795,
      0.0,
      0.0,
      0.05723778158426285,
      0.2301957607269287,
      0.19588707387447357,
      0.10305687040090561,
      0.0599026083946228,
      0.09572959691286087,
      0.012269850820302963,
      0.001841709017753601,
      0.023142848163843155,
      0.043737687170505524,
      0.06178315728902817,
      0.049825310707092285,
      0.11869987845420837,
      0.0,
      0.0,
      0.03850574046373367,
      0.0
    ],
    [
      0.6137019395828247,
      0.6032055616378784,
      0.49122416973114014,
      0.5681600570678711,
      0.878268837928772,
      1.0,
      0.5692503452301025,
      0.4565927982330322,
      0.4860689640045166,
      0.43675899505615234,
      0.5398606061935425,
      0.5976852178573608,
      0.5329220294952393,
      0.5891558527946472,
      0.6334584951400757,
      0.6623154878616333,
      0.5038751363754272,
      0.5295804142951965,
      0.49044540524482727,
      0.4650229215621948,
      0.6382966041564941,
      0.6540626287460327,
      0.6814625263214111,
      0.6985808610916138,
      0.6005105972290039,
      0.6293796300888062,
      0.748938262462616,
      0.6812049150466919,
      0.5820037722587585,
      0.43198782205581665,
      0.44214320182800293,
      0.5305588245391846,
      0.6486438512802124,
      0.7272026538848877,
      0.48932579159736633,
      0.3541231155395508,
      0.18245020508766174,
      0.20096060633659363,
      0.21049219369888306,
      0.24403491616249084,
      0.19975990056991577,
      0.09072437137365341,
      0.0,
      0.0,
      0.0,
      0.02497626096010208,
      0.045510806143283844,
      0.0,
      0.012727759778499603,
      0.0,
      0.17531727254390717,
      0.030789075419306755,
      0.12151943892240524,
      0.11652079224586487,
      0.12350096553564072,
      0.03964705020189285,
      0.01795860007405281,
      0.09747295081615448,
      0.3210891783237457,
      0.27309271693229675,
      0.15978223085403442,
      0.13368597626686096,
      0.15958775579929352,
      0.1246262639760971,
      0.09100086987018585,
      0.11999344080686569,
      0.14555881917476654,
      0.15276390314102173,
      0.10155459493398666,
      0.22235479950904846,
      0.041347935795784,
      0.010098543018102646,
      0.08151242136955261,
      0.0
    ],
    [
      0.5757254362106323,
      0.5828877687454224,
      0.5469281673431396,
      0.6009997725486755,
      0.6337007880210876,
      0.5692503452301025,
      1.0,
      0.7704393863677979,
      0.810860812664032,
      0.7909749746322632,
      0.6241873502731323,
      0.5557416677474976,
      0.6516392230987549,
      0.7305294275283813,
      0.724081814289093,
      0.6680185794830322,
      0.6264147758483887,
      0.5966233015060425,
      0.619382381439209,
      0.5625523328781128,
      0.5947311520576477,
      0.602048397064209,
      0.6108963489532471,
      0.5639657974243164,
      0.6297988891601562,
      0.545645534992218,
      0.5281398892402649,
      0.5829548239707947,
      0.698855996131897,
      0.5570917129516602,
      0.4846159815788269,
      0.5566326975822449,
      0.4601328372955322,
      0.6051218509674072,
      0.578792154788971,
      0.5236096978187561,
      0.2311181277036667,
      0.24987655878067017,
      0.22295676171779633,
      0.4227951169013977,
      0.17161649465560913,
      0.11412910372018814,
      0.11526363343000412,
      0.12412866950035095,
      0.12411104887723923,
      0.11127384006977081,
      0.18036100268363953,
      0.08513469994068146,
      0.11498352885246277,
      0.06041823327541351,
      0.3005906045436859,
      0.14427173137664795,
      0.20143988728523254,
      0.21864190697669983,
      0.23031985759735107,
      0.14563311636447906,
      0.2289113998413086,
      0.16980619728565216,
      0.2407795637845993,
      0.13149861991405487,
      0.14832428097724915,
      0.11268550157546997,
      0.13337865471839905,
      0.08153656125068665,
      0.09405860304832458,
      0.07116776704788208,
      0.13605637848377228,
      0.052356891334056854,
      0.164957195520401,
      0.21615669131278992,
      0.13905777037143707,
      0.021225720643997192,
      0.0325179398059845,
      0.01400262862443924
    ],
    [
      0.49082034826278687,
      0.4357568621635437,
      0.4171198606491089,
      0.522180438041687,
      0.5592736005783081,
      0.4565927982330322,
      0.7704393863677979,
      1.0,
      0.8446075916290283,
      0.8811811804771423,
      0.5130161046981812,
      0.4410656690597534,
      0.5473071932792664,
      0.5689257383346558,
      0.6338412165641785,
      0.5541612505912781,
      0.486309289932251,
      0.4598240256309509,
      0.4967280626296997,
      0.4175998568534851,
      0.5276221632957458,
      0.4800484776496887,
      0.4616711735725403,
      0.4325566291809082,
      0.4707915484905243,
      0.4236413240432739,
      0.3893515169620514,
      0.4953450858592987,
      0.6132872104644775,
      0.5369018316268921,
      0.39029526710510254,
      0.44242793321609497,
      0.320691853761673,
      0.4861859083175659,
      0.4917393624782562,
      0.42397063970565796,
      0.12746357917785645,
      0.1760329008102417,
      0.13963565230369568,
      0.2950626611709595,
      0.08613971620798111,
      0.03352122753858566,
      0.03397699072957039,
      0.04058139771223068,
      0.005807600915431976,
      0.014982333406805992,
      0.07999439537525177,
      0.023672237992286682,
      0.048548318445682526,
      0.0,
      0.20263899862766266,
      0.06454654037952423,
      0.10058678686618805,
      0.13065515458583832,
      0.1417153775691986,
      0.09527251124382019,
      0.10002894699573517,
      0.10910429060459137,
      0.17286840081214905,
      0.0766708105802536,
      0.06217566877603531,
      0.03512858971953392,
      0.07623980939388275,
      0.0,
      0.022517753764986992,
      0.0,
      0.018557284027338028,
      0.0,
      0.004049437120556831,
      0.049735523760318756,
      0.0011499486863613129,
      0.0,
      0.0,
      0.0
    ],
    [
      0.6035705804824829,
      0.5722403526306152,
      0.5286465287208557,
      0.5889432430267334,
      0.5588094592094421,
      0.4860689640045166,
      0.810860812664032,
      0.8446075916290283,
      1.0,
      0.8512364029884338,
      0.558230996131897,
      0.4888455867767334,
      0.5679420232772827,
      0.5948705077171326,
      0.6307152509689331,
      0.5605862736701965,
      0.49831831455230713,
      0.4571329653263092,
      0.5046666860580444,
      0.4236871600151062,
      0.5340865254402161,
      0.5016056895256042,
      0.5160418152809143,
      0.46062171459198,
      0.5156556963920593,
      0.47063273191452026,
      0.4276065230369568,
      0.5075287818908691,
      0.6459839940071106,
      0.5298981070518494,
      0.4295157194137573,
      0.49106964468955994,
      0.31227731704711914,
      0.4737012982368469,
      0.4559822678565979,
      0.4339093565940857,
      0.29489120841026306,
      0.2524248957633972,
      0.2635262608528137,
      0.44595059752464294,
      0.14196480810642242,
      0.08085965365171432,
      0.09931834042072296,
      0.10385072231292725,
      0.08615969866514206,
      0.07135224342346191,
      0.16554315388202667,
      0.09432633966207504,
      0.11623501032590866,
      0.037940070033073425,
      0.2730409502983093,
      0.09723293036222458,
      0.17037883400917053,
      0.17713916301727295,
      0.21160092949867249,
      0.1166999414563179,
      0.17507219314575195,
      0.1665952503681183,
      0.27259233593940735,
      0.15720970928668976,
      0.11652127653360367,
      0.09942400455474854,
      0.13161402940750122,
      0.014520788565278053,
      0.042802806943655014,
      0.0013941526412963867,
      0.0575457364320755,
      0.005558542907238007,
      0.0938926637172699,
      0.11501903831958771,
      0.07915705442428589,
      0.05011893808841705,
      0.06862018257379532,
      0.06462924182415009
    ],
    [
      0.49490678310394287,
      0.46238917112350464,
      0.47521132230758667,
      0.54874587059021,
      0.538688063621521,
      0.43675899505615234,
      0.7909749746322632,
      0.8811811804771423,
      0.8512364029884338,
      1.0,
      0.5222063064575195,
      0.48562318086624146,
      0.5725047588348389,
      0.6399474143981934,
      0.6318168044090271,
      0.5513554811477661,
      0.5354851484298706,
      0.5312157869338989,
      0.5413230657577515,
      0.4540877342224121,
      0.5355781316757202,
      0.5279263257980347,
      0.49431708455085754,
      0.4802717864513397,
      0.5324921607971191,
      0.4785537123680115,
      0.41590654850006104,
      0.5032051801681519,
      0.6307538747787476,
      0.5700879096984863,
      0.4248411953449249,
      0.46504485607147217,
      0.3503741919994354,
      0.5221818089485168,
      0.5790518522262573,
      0.5172348618507385,
      0.1743779182434082,
      0.17464345693588257,
      0.15377020835876465,
      0.3032236695289612,
      0.11904582381248474,
      0.039488546550273895,
      0.07993826270103455,
      0.07319121062755585,
      0.058502472937107086,
      0.07168856263160706,
      0.14899447560310364,
      0.038556378334760666,
      0.08892275393009186,
      0.0,
      0.258918821811676,
      0.08912776410579681,
      0.13871020078659058,
      0.15708985924720764,
      0.21938756108283997,
      0.14816218614578247,
      0.16446878015995026,
      0.15621981024742126,
      0.17434105277061462,
      0.06436710804700851,
      0.051109977066516876,
      0.058929651975631714,
      0.11159054934978485,
      0.004813498817384243,
      0.0412781797349453,
      0.032988209277391434,
      0.04449667036533356,
      0.010504423640668392,
      0.023662056773900986,
      0.058684781193733215,
      0.00968523696064949,
      0.06616771221160889,
      0.022131506353616714,
      0.06575383245944977
    ],
    [
      0.663301944732666,
      0.6150362491607666,
      0.43507641553878784,
      0.6660359501838684,
      0.5772832632064819,
      0.5398606061935425,
      0.6241873502731323,
      0.5130161046981812,
      0.558230996131897,
      0.5222063064575195,
      1.0,
      0.7487047910690308,
      0.8196816444396973,
      0.6718239188194275,
      0.7150148153305054,
      0.6252766847610474,
      0.686467170715332,
      0.6516060829162598,
      0.7779768109321594,
      0.6545546054840088,
      0.6013189554214478,
      0.6421241760253906,
      0.6310234069824219,
      0.6595046520233154,
      0.6268860101699829,
      0.6017496585845947,
      0.5288202166557312,
      0.6565401554107666,
      0.6390596628189087,
      0.46007370948791504,
      0.7143769860267639,
      0.7895363569259644,
      0.470162570476532,
      0.608232855796814,
      0.616709291934967,
      0.56331866979599,
      0.21636803448200226,
      0.23576180636882782,
      0.19983935356140137,
      0.24305742979049683,
      0.2772074043750763,
      0.19559261202812195,
      0.15238699316978455,
      0.15595169365406036,
      0.19621595740318298,
      0.16967877745628357,
      0.1675683557987213,
      0.1354982703924179,
      0.16728919744491577,
      0.17533491551876068,
      0.28173714876174927,
      0.16338148713111877,
      0.16379165649414062,
      0.277764230966568,
      0.26743853092193604,
      0.16641870141029358,
      0.20751436054706573,
      0.2960889935493469,
      0.1995461881160736,
      0.10807131975889206,
      0.1493207812309265,
      0.19191695749759674,
      0.1991177499294281,
      0.08394458889961243,
      0.08717754483222961,
      0.05752337723970413,
      0.10443167388439178,
      0.08627069741487503,
      0.22249789535999298,
      0.3040763735771179,
      0.21643729507923126,
      0.0613211989402771,
      0.06865839660167694,
      0.04766472429037094
    ],
    [
      0.6580233573913574,
      0.6766671538352966,
      0.5163998603820801,
      0.6428982019424438,
      0.5735764503479004,
      0.5976852178573608,
      0.5557416677474976,
      0.4410656690597534,
      0.4888455867767334,
      0.48562318086624146,
      0.7487047910690308,
      1.0,
      0.7811005115509033,
      0.6703848838806152,
      0.647436261177063,
      0.6392298936843872,
      0.5601462125778198,
      0.602194607257843,
      0.629350483417511,
      0.5198296308517456,
      0.5689132213592529,
      0.7004810571670532,
      0.6528643369674683,
      0.6639703512191772,
      0.5675638914108276,
      0.6036193370819092,
      0.6349098086357117,
      0.6819721460342407,
      0.6061984300613403,
      0.43819496035575867,
      0.5846696496009827,
      0.6627838611602783,
      0.4903165400028229,
      0.6462042331695557,
      0.575630784034729,
      0.44810712337493896,
      0.2931506037712097,
      0.27467066049575806,
      0.2726755738258362,
      0.30968523025512695,
      0.22749963402748108,
      0.160342738032341,
      0.12082890421152115,
      0.12130748480558395,
      0.1387772262096405,
      0.14766527712345123,
      0.18662691116333008,
      0.08011634647846222,
      0.15148842334747314,
      0.1371351182460785,
      0.25084975361824036,
      0.11707943677902222,
      0.15519218146800995,
      0.2476613074541092,
      0.2197454571723938,
      0.1681293547153473,
      0.12847453355789185,
      0.18751370906829834,
      0.23101156949996948,
      0.19914951920509338,
      0.1629219353199005,
      0.14091069996356964,
      0.15227919816970825,
      0.030282046645879745,
      0.06673732399940491,
      0.06533042341470718,
      0.07531345635652542,
      0.11940120160579681,
      0.16434937715530396,
      0.2728304862976074,
      0.1344027817249298,
      0.148432195186615,
      0.14956173300743103,
      0.13982869684696198
    ],
    [
      0.6021308302879333,
      0.5591349601745605,
      0.44063299894332886,
      0.6194038391113281,
      0.5651614665985107,
      0.5329220294952393,
      0.6516392230987549,
      0.5473071932792664,
      0.5679420232772827,
      0.5725047588348389,
      0.8196816444396973,
      0.7811005115509033,
      1.0,
      0.7066655158996582,
      0.7183837890625,
      0.6476225256919861,
      0.6698529720306396,
      0.6614431738853455,
      0.7617686986923218,
      0.6293913125991821,
      0.5424688458442688,
      0.6835871934890747,
      0.6103631258010864,
      0.6150955557823181,
      0.5832691192626953,
      0.5602658987045288,
      0.5193809270858765,
      0.629006564617157,
      0.688251256942749,
      0.4938600957393646,
      0.6358526349067688,
      0.7218399047851562,
      0.4174153804779053,
      0.5864632725715637,
      0.6087594032287598,
      0.46452581882476807,
      0.19074726104736328,
      0.20018211007118225,
      0.13063524663448334,
      0.18082377314567566,
      0.2162284255027771,
      0.1544875055551529,
      0.17520390450954437,
      0.13582025468349457,
      0.16304722428321838,
      0.16500288248062134,
      0.17782963812351227,
      0.15573963522911072,
      0.17929522693157196,
      0.13712918758392334,
      0.26728636026382446,
      0.14752385020256042,
      0.1465870440006256,
      0.2877262234687805,
      0.23264345526695251,
      0.17811927199363708,
      0.19857004284858704,
      0.25974205136299133,
      0.21232882142066956,
      0.11217634379863739,
      0.15986323356628418,
      0.1797739416360855,
      0.15623463690280914,
      0.053980354219675064,
      0.04518343135714531,
      0.046990253031253815,
      0.10804372280836105,
      0.051093801856040955,
      0.1925337314605713,
      0.28116148710250854,
      0.14848929643630981,
      0.04370706528425217,
      0.029536817222833633,
      0.022099129855632782
    ],
    [
      0.6229345798492432,
      0.6903541088104248,
      0.5650613903999329,
      0.6966766715049744,
      0.6574113368988037,
      0.5891558527946472,
      0.7305294275283813,
      0.5689257383346558,
      0.5948705077171326,
      0.6399474143981934,
      0.6718239188194275,
      0.6703848838806152,
      0.7066655158996582,
      1.0,
      0.8737030625343323,
      0.8490137457847595,
      0.7554124593734741,
      0.7552344799041748,
      0.730686366558075,
      0.6613855361938477,
      0.653401255607605,
      0.6677480936050415,
      0.6772298812866211,
      0.6556111574172974,
      0.6312085390090942,
      0.6287763714790344,
      0.5834883451461792,
      0.6169811487197876,
      0.7615453004837036,
      0.5927672982215881,
      0.5955873727798462,
      0.6899687051773071,
      0.4647260904312134,
      0.6571050882339478,
      0.665420651435852,
      0.46928590536117554,
      0.24347057938575745,
      0.2983102798461914,
      0.23041637241840363,
      0.2803387939929962,
      0.2293427288532257,
      0.1435592770576477,
      0.13131164014339447,
      0.10490750521421432,
      0.0935206338763237,
      0.1230567917227745,
      0.2068418264389038,
      0.027812274172902107,
      0.12921465933322906,
      0.04022371023893356,
      0.3268272280693054,
      0.16657312214374542,
      0.23810836672782898,
      0.2506999969482422,
      0.25276973843574524,
      0.17025960981845856,
      0.14345327019691467,
      0.12272094935178757,
      0.312002569437027,
      0.18393725156784058,
      0.22236330807209015,
      0.13734138011932373,
      0.16513992846012115,
      0.04529998451471329,
      0.0720253437757492,
      0.046272993087768555,
      0.08443133533000946,
      0.05780865252017975,
      0.18795256316661835,
      0.2341412603855133,
      0.10934779047966003,
      0.11844053864479065,
      0.1581488847732544,
      0.1098921149969101
    ],
    [
      0.6196144819259644,
      0.6267616152763367,
      0.4868244528770447,
      0.6395527124404907,
      0.6858941316604614,
      0.6334584951400757,
      0.724081814289093,
      0.6338412165641785,
      0.6307152509689331,
      0.6318168044090271,
      0.7150148153305054,
      0.647436261177063,
      0.7183837890625,
      0.8737030625343323,
      1.0,
      0.8489859104156494,
      0.7529934644699097,
      0.7099919319152832,
      0.7430079579353333,
      0.6516379117965698,
      0.6335245370864868,
      0.6571914553642273,
      0.6487565040588379,
      0.627625584602356,
      0.6121290922164917,
      0.5907822847366333,
      0.5715632438659668,
      0.6343746185302734,
      0.7437276840209961,
      0.5948967933654785,
      0.6015831232070923,
      0.6993871927261353,
      0.4910588264465332,
      0.6627451181411743,
      0.5913248658180237,
      0.4368342161178589,
      0.18226240575313568,
      0.21772564947605133,
      0.16461792588233948,
      0.24103887379169464,
      0.1961633861064911,
      0.1254846751689911,
      0.059816908091306686,
      0.050972167402505875,
      0.03733344376087189,
      0.06700413674116135,
      0.12564285099506378,
      0.006565107963979244,
      0.0761599913239479,
      0.011245422065258026,
      0.22197052836418152,
      0.10217604786157608,
      0.17958195507526398,
      0.17990201711654663,
      0.16405576467514038,
      0.10167157649993896,
      0.12925080955028534,
      0.14135083556175232,
      0.25582027435302734,
      0.10696824640035629,
      0.14313198626041412,
      0.08637367188930511,
      0.12023191899061203,
      0.06910532712936401,
      0.07446052879095078,
      0.05354226008057594,
      0.11207817494869232,
      0.04811635985970497,
      0.15739047527313232,
      0.22448886930942535,
      0.07741837203502655,
      0.042438000440597534,
      0.10119432210922241,
      0.0293545164167881
    ],
    [
      0.5834247469902039,
      0.6481189727783203,
      0.49977967143058777,
      0.6117730140686035,
      0.6635962128639221,
      0.6623154878616333,
      0.6680185794830322,
      0.5541612505912781,
      0.5605862736701965,
      0.5513554811477661,
      0.6252766847610474,
      0.6392298936843872,
      0.6476225256919861,
      0.8490137457847595,
      0.8489859104156494,
      0.9999999403953552,
      0.7151029109954834,
      0.7213760614395142,
      0.6971526741981506,
      0.6317470073699951,
      0.6378369927406311,
      0.6310652494430542,
      0.6607438325881958,
      0.6136607527732849,
      0.5683959722518921,
      0.576807975769043,
      0.6210578680038452,
      0.6226728558540344,
      0.7163642048835754,
      0.5042873024940491,
      0.5675886869430542,
      0.6340162754058838,
      0.5155368447303772,
      0.6528318524360657,
      0.5589214563369751,
      0.3756471276283264,
      0.19074460864067078,
      0.2208036333322525,
      0.19528797268867493,
      0.24607007205486298,
      0.1764201521873474,
      0.09985992312431335,
      0.06173127517104149,
      0.037910301238298416,
      0.043864697217941284,
      0.07676446437835693,
      0.15799233317375183,
      0.009582171216607094,
      0.09142464399337769,
      0.0034255757927894592,
      0.2427179366350174,
      0.11225800216197968,
      0.19637733697891235,
      0.2032458782196045,
      0.18903996050357819,
      0.10528191924095154,
      0.07134639471769333,
      0.11209537088871002,
      0.37879711389541626,
      0.23542532324790955,
      0.17584459483623505,
      0.13432475924491882,
      0.14036870002746582,
      0.026294101029634476,
      0.051518477499485016,
      0.030483346432447433,
      0.10117123275995255,
      0.018044963479042053,
      0.11425146460533142,
      0.2712758779525757,
      0.07808304578065872,
      0.09128088504076004,
      0.13318511843681335,
      0.07066504657268524
    ],
    [
      0.524290919303894,
      0.5175380706787109,
      0.40538614988327026,
      0.5854316353797913,
      0.5261926054954529,
      0.5038751363754272,
      0.6264147758483887,
      0.486309289932251,
      0.49831831455230713,
      0.5354851484298706,
      0.686467170715332,
      0.5601462125778198,
      0.6698529720306396,
      0.7554124593734741,
      0.7529934644699097,
      0.7151029109954834,
      0.9999998807907104,
      0.8574597835540771,
      0.8822591304779053,
      0.8263918161392212,
      0.5512679219245911,
      0.546140193939209,
      0.5358574986457825,
      0.5519682168960571,
      0.5413432121276855,
      0.5340113639831543,
      0.489339679479599,
      0.5428174138069153,
      0.7419278025627136,
      0.5730159282684326,
      0.6537631750106812,
      0.666959285736084,
      0.46216529607772827,
      0.5815190076828003,
      0.5664478540420532,
      0.43394148349761963,
      0.19738788902759552,
      0.2861700654029846,
      0.19991767406463623,
      0.18505457043647766,
      0.24463286995887756,
      0.16251184046268463,
      0.13789398968219757,
      0.1297735869884491,
      0.13064727187156677,
      0.170799121260643,
      0.16865211725234985,
      0.08888876438140869,
      0.2013755738735199,
      0.070773184299469,
      0.32904601097106934,
      0.22646167874336243,
      0.2326839119195938,
      0.3010596036911011,
      0.287229984998703,
      0.2004944086074829,
      0.1746206134557724,
      0.21981163322925568,
      0.29400911927223206,
      0.14769598841667175,
      0.225112184882164,
      0.1671687513589859,
      0.25074270367622375,
      0.08498501777648926,
      0.1509128361940384,
      0.15327665209770203,
      0.14095760881900787,
      0.06150563061237335,
      0.16952234506607056,
      0.28271788358688354,
      0.15888406336307526,
      0.04735938087105751,
      0.08541275560855865,
      0.023314349353313446
    ],
    [
      0.5235062837600708,
      0.561976969242096,
      0.4157620966434479,
      0.5783153772354126,
      0.5417468547821045,
      0.5295804142951965,
      0.5966233015060425,
      0.4598240256309509,
      0.4571329653263092,
      0.5312157869338989,
      0.6516060829162598,
      0.602194607257843,
      0.6614431738853455,
      0.7552344799041748,
      0.7099919319152832,
      0.7213760614395142,
      0.8574597835540771,
      0.9999998211860657,
      0.8861950635910034,
      0.7893016338348389,
      0.5485405921936035,
      0.6034602522850037,
      0.5604203343391418,
      0.5935098528862,
      0.5480008721351624,
      0.543067991733551,
      0.5046778917312622,
      0.5680747032165527,
      0.6768594980239868,
      0.5525639653205872,
      0.6456048488616943,
      0.6616383790969849,
      0.479172945022583,
      0.6056880950927734,
      0.6021642684936523,
      0.4453524053096771,
      0.17059755325317383,
      0.20014087855815887,
      0.13522343337535858,
      0.15935072302818298,
      0.19180023670196533,
      0.12898185849189758,
      0.1658090054988861,
      0.10762874782085419,
      0.1476670503616333,
      0.19201093912124634,
      0.18282262980937958,
